111111111111111111111111111111111111111111111111111111111111111111111111111111111111111111111111111111111111111111111111111111111111111111111111111111111111111111111111111111111111111111111111111111111111111111111111111111111111111111111111111111111111111111111111111111111111111111111111111111111111111111111111111111111111111111111111111111111111111111111111111111111111111111111111111111111111111111111111111111111111111111111112311111111111111111111111111111111111111111111111111111111111111111111111111111111111111111111111111111111111111111111111
111111111111111111111111111111231111111111111111111111111111111111111111111111111111111111111111111111111111111111111111111111111111111111
111111111111111111111111111111231111111111111111111111111
111111111111111111111111111111231111111111111111111111111111111111111111111111111111111111111111111111111111111111111111111111111111111111
111111111111111111111111111111231111111111111111111111111
111111111111111111111111111111231111111111111111111111111111111111111111111111111111111111111111111111111111111111111111111111111111111111
111111111111111111111111111111231111111111111111111111111
111111111111111111111111111111231111111111111111111111111111111111111111111111111111111111111111111111111111111111111111111111111111111111
111111111111111111111111111111231111111111111111111111111
111111111111111111111111111111231111111111111111111111111111111111111111111111111111111111111111111111111111111111111111111111111111111111
111111111111111111111111111111231111111111111111111111111
11111111111111111111111111111123111111111111111111111111
11111111111111111111111111111123111111111111111111111111
11111111111111111111111111111123111111111111111111111111
111111111111111111111111111111231111111111111111111111123111111111111111111111111
11111111111111111111111111111123111111111111111111111111
11111111111111111111111111111123111111111111111111111111
11111111111111111111111111111123111111111111111111111111
11111111111111111111111111111123111111111111111111111111
11111111111111111111111111111123111111111111111111111111
111111111111111111111111111111231111111111111111111111123111111111111111111111111
11111111111111111111111111111123111111111111111111111111
11111111111111111111111111111123111111111111111111111111
11111111111111111111111111111123111111111111111111111111
11111111111111111111111111111123111111111111111111111111
11111111111111111111111111111123111111111111111111111111
111111111111111111111111111111231111111
11111111111111111111111111111123111111111111111111111111
11111111111111111111111111111123111111111111111111111111
11111111111111111111111111111123111111111111111111111111
111111111111111111111111111111231111111
111111111111111111111111111111231111111111111111111111111111111111111111111111111111111111111111111111111111111111111111111111111111111111
111111111111111111111111111111231111111111111111111111111
111111111111111111111111111111231111111111111111111111111111111111111111111111111111111111111111111111111111111111111111111111111111111111
111111111111111111111111111111231111111111111111111111111
111111111111111111111111111111231111111111111111111111111111111111111111111111111111111111111111111111111111111111111111111111111111111111
111111111111111111111111111111231111111111111111111111111
111111111111111111111111111111231111111111111111111111111111111111111111111111111111111111111111111111111111111111111111111111111111111111
111111111111111111111111111111231111111111111111111111111
111111111111111111111111111111231111111111111111111111111111111111111111111111111111111111111111111111111111111111111111111111111111111111
111111111111111111111111111111231111111111111111111111111
111111111111111111111111111111231111111111111111111111111111111111111111111111111111111111111111111111111111111111111111111111111111111111
111111111111111111111111111111231111111111111111111111111
111111111111111111111111111111231111111111111111111111111111111111111111111111111111111111111111111111111111111111111111111111111111111111
111111111111111111111111111111231111111111111111111111111
111111111111111111111111111111231111111111111111111111111111111111111111111111111111111111111111111111111111111111111111111111111111111111
111111111111111111111111111111231111111111111111111111111
11111111111111111111111111111123111111111111111111111111
11111111111111111111111111111123111111111111111111111111
11111111111111111111111111111123111111111111111111111111
11111111111111111111111111111123111111111111111111111111
11111111111111111111111111111123111111111111111111111111
111111111111111111111111111111231111111
